2128 4 8158
743.463 0 513.409 743.463 378.167 -0.311292 0.0802657 -0.00247785 0.00163853 
734.689 0 490.415 734.689 325.375 -0.349016 0.147096 -0.00943788 0.00895966 
733.48 0 532.657 733.48 350.456 -0.313961 0.0968671 0.000378202 0.00277485 
742.642 0 487.816 742.642 377.69 -0.321412 0.0847101 -0.00845022 -0.00242809 
100 -1.50526 -0.810344 3.11127
101 -1.51551 -0.816291 3.11033
102 -1.52452 -0.822564 3.10972
103 -1.53252 -0.829661 3.10946
104 -1.53901 -0.836274 3.10959
105 -1.5446 -0.843448 3.11018
106 -1.54922 -0.850682 3.11087
107 -1.55313 -0.858393 3.11264
108 -1.5563 -0.866392 3.11489
109 -1.55948 -0.87433 3.11793
110 -1.56261 -0.882184 3.12119
111 -1.56636 -0.890504 3.1252
112 -1.57037 -0.898747 3.12997
113 -1.57558 -0.906931 3.13542
114 -1.58153 -0.915399 3.1419
115 -1.58808 -0.923522 3.14889
116 -1.59517 -0.931464 3.15654
117 -1.60316 -0.939648 3.16523
118 -1.61121 -0.948116 3.1743
119 -1.61952 -0.956481 3.18364
120 -1.62825 -0.964963 3.19403
121 -1.63677 -0.972367 3.20431
122 -1.64546 -0.979607 3.21502
123 -1.65418 -0.986602 3.2259
124 -1.66321 -0.994394 3.23833
125 -1.67245 -1.00115 3.24934
126 -1.68146 -1.00808 3.2604
127 -1.69073 -1.01482 3.27174
128 -1.69955 -1.02088 3.28307
129 -1.70809 -1.02653 3.29449
130 -1.71542 -1.03199 3.30574
131 -1.72179 -1.03708 3.31724
132 -1.7269 -1.04176 3.32843
133 -1.73093 -1.04678 3.33935
134 -1.73395 -1.05222 3.34939
135 -1.73656 -1.05837 3.35925
136 -1.73851 -1.0648 3.36821
137 -1.74043 -1.07138 3.37716
138 -1.7423 -1.07841 3.38577
139 -1.74379 -1.0855 3.39382
140 -1.74517 -1.09289 3.40184
141 -1.7463 -1.10067 3.40933
142 -1.74737 -1.10807 3.41675
143 -1.74833 -1.11521 3.42407
144 -1.7488 -1.12175 3.43151
145 -1.74867 -1.12746 3.43928
146 -1.74837 -1.13259 3.44739
147 -1.74695 -1.13681 3.45575
148 -1.7452 -1.14112 3.46388
149 -1.74269 -1.14535 3.47219
150 -1.73927 -1.14951 3.48037
151 -1.73536 -1.15356 3.48866
152 -1.73101 -1.15799 3.49694
153 -1.72644 -1.16227 3.50539
154 -1.72192 -1.16676 3.51399
155 -1.71662 -1.17128 3.5227
156 -1.71084 -1.17485 3.53101
157 -1.70441 -1.17988 3.54043
158 -1.69789 -1.18398 3.54991
159 -1.6906 -1.18802 3.55947
160 -1.68288 -1.19196 3.56921
161 -1.67433 -1.19523 3.57901
162 -1.66559 -1.19786 3.58903
163 -1.657 -1.19935 3.59943
164 -1.64816 -1.20002 3.61018
165 -1.63989 -1.2001 3.62144
166 -1.63188 -1.19955 3.63374
167 -1.62408 -1.19869 3.64631
168 -1.61703 -1.19818 3.65897
169 -1.61079 -1.19746 3.67172
170 -1.60544 -1.19654 3.68493
171 -1.60056 -1.19589 3.69779
172 -1.59543 -1.19645 3.70983
173 -1.58898 -1.1986 3.71982
174 -1.58148 -1.2028 3.72793
175 -1.5733 -1.20783 3.73424
176 -1.56487 -1.21345 3.73944
177 -1.55663 -1.21861 3.74455
178 -1.54905 -1.22303 3.74981
179 -1.54184 -1.22648 3.75537
180 -1.53566 -1.23002 3.76129
181 -1.53068 -1.23356 3.7668
182 -1.52672 -1.23873 3.77299
183 -1.52438 -1.24422 3.77918
184 -1.52332 -1.25046 3.78564
185 -1.5237 -1.25715 3.79228
186 -1.52547 -1.26498 3.79912
187 -1.52785 -1.27372 3.80693
188 -1.53097 -1.28242 3.81436
189 -1.53431 -1.29111 3.82146
190 -1.53815 -1.30037 3.8297
191 -1.54259 -1.30897 3.8383
192 -1.54745 -1.31696 3.84727
193 -1.55242 -1.32431 3.85676
194 -1.55755 -1.33086 3.86677
195 -1.56223 -1.33578 3.87668
196 -1.56673 -1.33976 3.88766
197 -1.57116 -1.3424 3.89878
198 -1.57529 -1.34453 3.91004
199 -1.5801 -1.34634 3.92183
200 -1.58515 -1.34871 3.93439
201 -1.59059 -1.35253 3.94799
202 -1.59704 -1.35634 3.96258
203 -1.60245 -1.36195 3.97683
204 -1.60789 -1.36798 3.99182
205 -1.61224 -1.37573 4.00576
206 -1.61533 -1.38449 4.01883
207 -1.61709 -1.39347 4.03183
208 -1.6185 -1.40205 4.04499
209 -1.61866 -1.41004 4.05796
210 -1.61825 -1.41787 4.07052
211 -1.61748 -1.42585 4.0829
212 -1.61592 -1.43428 4.09494
213 -1.61418 -1.44274 4.10754
214 -1.6118 -1.4504 4.11963
215 -1.60845 -1.45708 4.13134
216 -1.60453 -1.46285 4.14183
217 -1.59963 -1.46791 4.15145
218 -1.59416 -1.4728 4.1603
219 -1.58851 -1.47767 4.16855
220 -1.58273 -1.48282 4.1762
221 -1.57616 -1.48833 4.18384
222 -1.56971 -1.49316 4.19139
223 -1.56249 -1.49743 4.1993
224 -1.55479 -1.50069 4.20699
225 -1.54657 -1.50342 4.21413
226 -1.53768 -1.50608 4.22099
227 -1.52828 -1.50872 4.22803
228 -1.51835 -1.51102 4.2354
229 -1.50762 -1.5127 4.24238
230 -1.49626 -1.51401 4.24961
231 -1.48439 -1.51465 4.25634
232 -1.4718 -1.51504 4.26254
233 -1.45858 -1.51566 4.26872
234 -1.4447 -1.517 4.27433
235 -1.43014 -1.51766 4.27963
236 -1.41521 -1.51808 4.28447
237 -1.39967 -1.51782 4.28928
238 -1.38337 -1.51685 4.29397
239 -1.3667 -1.51541 4.29846
240 -1.34986 -1.51387 4.30238
241 -1.33279 -1.51207 4.30593
242 -1.31545 -1.5102 4.30887
243 -1.29793 -1.50926 4.31104
244 -1.28177 -1.50116 4.31002
245 -1.26534 -1.4957 4.30941
246 -1.24923 -1.49043 4.30779
247 -1.23357 -1.48506 4.30544
248 -1.219 -1.47985 4.30241
249 -1.20447 -1.47433 4.29916
250 -1.19046 -1.46846 4.29635
251 -1.17718 -1.46273 4.29415
252 -1.16415 -1.45775 4.29273
253 -1.15159 -1.45389 4.29144
254 -1.13933 -1.45172 4.28987
255 -1.12727 -1.45034 4.28789
256 -1.11603 -1.44981 4.28553
257 -1.10504 -1.44959 4.28258
258 -1.09476 -1.44927 4.27888
259 -1.08493 -1.44806 4.27435
260 -1.07529 -1.44624 4.26918
261 -1.06574 -1.44443 4.26438
262 -1.05669 -1.44279 4.25955
263 -1.04775 -1.44074 4.25455
264 -1.0389 -1.43897 4.24989
265 -1.03041 -1.43696 4.24506
266 -1.02193 -1.43492 4.24005
267 -1.01406 -1.43325 4.23508
268 -1.00623 -1.43033 4.22901
269 -0.999074 -1.42689 4.22272
270 -0.992076 -1.42279 4.21641
271 -0.985489 -1.4181 4.21024
272 -0.979133 -1.41291 4.20401
273 -0.97297 -1.40699 4.19769
274 -0.966912 -1.40077 4.19164
275 -0.960688 -1.39385 4.18567
276 -0.954561 -1.38691 4.18032
277 -0.947805 -1.38003 4.17538
278 -0.941174 -1.37284 4.17102
279 -0.93422 -1.36514 4.16684
280 -0.926819 -1.35728 4.16233
281 -0.919832 -1.34956 4.15745
282 -0.912616 -1.34182 4.15241
283 -0.904992 -1.33371 4.14737
284 -0.897702 -1.32554 4.14202
285 -0.890491 -1.3174 4.1363
286 -0.883301 -1.30853 4.12951
287 -0.876099 -1.29956 4.12233
288 -0.869071 -1.29058 4.11413
289 -0.862046 -1.28125 4.10549
290 -0.855055 -1.27262 4.09696
291 -0.848194 -1.26467 4.08829
292 -0.841313 -1.25618 4.07891
293 -0.834355 -1.24804 4.0695
294 -0.827187 -1.23874 4.05948
295 -0.820126 -1.23001 4.04989
296 -0.812958 -1.22186 4.04042
297 -0.805847 -1.21403 4.03068
298 -0.798623 -1.20658 4.02112
299 -0.791583 -1.19948 4.01176
300 -0.784575 -1.19257 4.0024
301 -0.777562 -1.18614 3.99271
302 -0.770556 -1.1792 3.98292
303 -0.764058 -1.17268 3.97376
304 -0.757561 -1.16681 3.96456
305 -0.751268 -1.16147 3.95557
306 -0.745297 -1.15591 3.94689
307 -0.73946 -1.15104 3.93859
308 -0.734032 -1.14698 3.9308
309 -0.728795 -1.1433 3.92361
310 -0.723232 -1.13984 3.91708
311 -0.717547 -1.13536 3.91103
312 -0.712441 -1.13135 3.90552
313 -0.707034 -1.12722 3.90018
314 -0.701934 -1.12332 3.89449
315 -0.69679 -1.11963 3.88889
316 -0.691564 -1.11582 3.88306
317 -0.686182 -1.1117 3.87732
318 -0.680875 -1.10755 3.87064
319 -0.675436 -1.1036 3.86348
320 -0.67019 -1.09944 3.85535
321 -0.664982 -1.09523 3.84673
322 -0.659455 -1.09109 3.83815
323 -0.653841 -1.08633 3.82928
324 -0.647932 -1.0817 3.81998
325 -0.641782 -1.07673 3.80995
326 -0.635438 -1.07145 3.79974
327 -0.628986 -1.06663 3.78948
328 -0.622384 -1.06178 3.77887
329 -0.615504 -1.05591 3.76749
330 -0.608465 -1.04963 3.75546
331 -0.601059 -1.04251 3.74295
332 -0.593398 -1.03537 3.7307
333 -0.585451 -1.02797 3.71914
334 -0.577243 -1.02081 3.70739
335 -0.569226 -1.01405 3.69603
336 -0.560969 -1.00753 3.68417
337 -0.55267 -1.0011 3.67189
338 -0.544481 -0.995328 3.65933
339 -0.535917 -0.990177 3.64635
340 -0.527096 -0.985177 3.63251
341 -0.518031 -0.980281 3.61909
342 -0.508864 -0.975531 3.60594
343 -0.499323 -0.970265 3.59373
344 -0.489918 -0.96443 3.58213
345 -0.479913 -0.957752 3.57089
346 -0.469684 -0.950303 3.55948
347 -0.459042 -0.941281 3.54753
348 -0.448081 -0.931221 3.53513
349 -0.436721 -0.919654 3.52174
350 -0.42523 -0.907207 3.5075
351 -0.413936 -0.894348 3.49238
352 -0.402394 -0.880753 3.47629
353 -0.390156 -0.866749 3.45876
354 -0.377604 -0.852587 3.43993
355 -0.364346 -0.83835 3.42017
356 -0.35087 -0.824399 3.39985
357 -0.336855 -0.810536 3.37878
358 -0.322695 -0.797189 3.35694
359 -0.308554 -0.784101 3.33455
360 -0.293331 -0.771393 3.31098
361 -0.277918 -0.759158 3.28721
362 -0.262217 -0.747441 3.2631
363 -0.245788 -0.736099 3.23857
364 -0.228848 -0.725369 3.21369
365 -0.211808 -0.715097 3.18953
366 -0.194648 -0.705304 3.16544
367 -0.177078 -0.696564 3.14221
368 -0.159477 -0.688166 3.11915
369 -0.142348 -0.680394 3.09737
370 -0.124981 -0.672747 3.07633
371 -0.108234 -0.66634 3.05599
372 -0.0915237 -0.660274 3.03666
373 -0.0755007 -0.654651 3.0178
374 -0.0598497 -0.649456 3.00022
375 -0.0440307 -0.644684 2.98299
376 -0.0278888 -0.640126 2.96609
377 -0.0116617 -0.635388 2.94978
378 0.00507187 -0.630652 2.9339
379 0.0225353 -0.625262 2.91784
380 0.0400603 -0.619984 2.90284
381 0.0584097 -0.614128 2.88788
382 0.0769163 -0.608137 2.87346
383 0.0958601 -0.601705 2.85949
384 0.115298 -0.594864 2.84589
385 0.135109 -0.5878 2.8326
386 0.154982 -0.580451 2.81996
387 0.175659 -0.573505 2.80718
388 0.196145 -0.56675 2.79486
389 0.217269 -0.560074 2.78223
390 0.238216 -0.553691 2.77046
391 0.259 -0.547181 2.75883
392 0.279806 -0.541225 2.7474
393 0.300504 -0.53547 2.73577
394 0.32146 -0.52986 2.72456
395 0.342257 -0.52455 2.71338
396 0.363378 -0.519256 2.7024
397 0.385107 -0.513977 2.69162
398 0.407537 -0.508644 2.68093
399 0.430878 -0.503309 2.67039
400 0.454274 -0.498168 2.66007
401 0.477947 -0.493196 2.65006
402 0.501589 -0.488288 2.64093
403 0.525226 -0.48348 2.63227
404 0.549341 -0.478744 2.6242
405 0.573491 -0.474099 2.61669
406 0.597454 -0.469655 2.60951
407 0.621215 -0.465173 2.60323
408 0.644394 -0.460859 2.59733
409 0.667153 -0.456867 2.59183
423 0.941438 -0.418369 2.54074
424 0.957511 -0.418302 2.5376
425 0.973167 -0.41887 2.53324
426 0.987683 -0.419495 2.52883
427 1.00093 -0.420215 2.52441
428 1.01336 -0.42083 2.51999
450 1.10157 -0.365909 2.38009
451 1.09731 -0.359116 2.37106
452 1.09299 -0.352288 2.36161
453 1.0878 -0.345105 2.35176
454 1.08203 -0.337798 2.34152
455 1.07538 -0.330338 2.331
456 1.06818 -0.323149 2.32
457 1.06054 -0.31625 2.30844
458 1.05266 -0.309463 2.2963
459 1.04392 -0.302683 2.28409
460 1.03475 -0.295502 2.27179
461 1.0247 -0.287425 2.2597
462 1.01394 -0.278715 2.24721
463 1.0028 -0.269543 2.23494
464 0.991172 -0.259961 2.22278
465 0.978869 -0.250094 2.21083
466 0.966144 -0.240386 2.19866
467 0.953205 -0.231295 2.18642
468 0.940027 -0.222921 2.17365
469 0.926702 -0.214891 2.16099
470 0.912788 -0.207345 2.14821
471 0.898908 -0.200008 2.1355
472 0.885288 -0.193349 2.12294
473 0.871277 -0.187499 2.11075
474 0.857177 -0.181571 2.09843
475 0.842147 -0.176255 2.08597
476 0.826894 -0.171229 2.07378
477 0.811156 -0.16629 2.0619
478 0.795079 -0.161187 2.05022
479 0.778062 -0.155934 2.03896
480 0.760887 -0.150547 2.02817
481 0.743614 -0.144739 2.0176
499 0.403351 -0.0286367 1.89068
500 0.384956 -0.024375 1.88542
501 0.366937 -0.0200988 1.88056
502 0.348795 -0.0155304 1.87618
503 0.330973 -0.010904 1.87206
504 0.313192 -0.00631394 1.8683
505 0.295531 -0.00209322 1.86433
506 0.277452 0.00206458 1.8612
507 0.259366 0.0059159 1.85775
508 0.24067 0.00939196 1.85462
509 0.221995 0.0125138 1.85149
510 0.202587 0.0155109 1.8489
511 0.18308 0.0183863 1.84613
512 0.163592 0.0208488 1.84389
513 0.143266 0.0233047 1.8419
514 0.122458 0.0253099 1.84013
515 0.10208 0.0272519 1.83889
516 0.0815712 0.0290517 1.83755
517 0.0608647 0.030377 1.83665
518 0.0402965 0.0315521 1.83608
519 0.0195977 0.0323867 1.83535
520 -0.00126994 0.0329156 1.83528
521 -0.0223998 0.0334797 1.8352
522 -0.0435475 0.0335362 1.83566
523 -0.0645815 0.0334872 1.83629
524 -0.0859203 0.0331748 1.83734
525 -0.106957 0.0326878 1.83883
526 -0.128084 0.0318516 1.84024
527 -0.148881 0.03087 1.84204
528 -0.169276 0.0297308 1.84463
529 -0.189536 0.0285148 1.84708
530 -0.209224 0.0274333 1.85027
531 -0.228547 0.0259319 1.85328
532 -0.247838 0.0243516 1.8567
533 -0.266328 0.0226451 1.86018
534 -0.284666 0.0206096 1.86412
535 -0.302522 0.0188619 1.86786
536 -0.320299 0.0167081 1.87215
537 -0.33774 0.0146574 1.87655
538 -0.355194 0.0125358 1.88149
539 -0.372376 0.0101757 1.88655
540 -0.389488 0.00807396 1.89198
541 -0.406215 0.00569092 1.89753
542 -0.422523 0.00354093 1.90394
543 -0.438373 0.00111491 1.90988
544 -0.453787 -0.00139741 1.91593
545 -0.468953 -0.00387019 1.9223
546 -0.483661 -0.00673233 1.92831
547 -0.498229 -0.00964197 1.93467
548 -0.512204 -0.0127057 1.9407
549 -0.526434 -0.0159579 1.94676
550 -0.540236 -0.0199076 1.95282
551 -0.554414 -0.0237511 1.95917
552 -0.568207 -0.0281358 1.96516
553 -0.582432 -0.0329278 1.97171
554 -0.596504 -0.0378008 1.97792
555 -0.610502 -0.0433831 1.98414
556 -0.624674 -0.0489579 1.99087
557 -0.638989 -0.0552631 1.99746
558 -0.653741 -0.0614887 2.00479
559 -0.668474 -0.0682012 2.01222
560 -0.683287 -0.0750086 2.01984
561 -0.698197 -0.081903 2.0283
562 -0.712971 -0.0889272 2.03661
563 -0.728026 -0.0959846 2.04556
564 -0.742953 -0.103096 2.05482
565 -0.757393 -0.110403 2.06382
566 -0.771327 -0.117677 2.07274
567 -0.785199 -0.125021 2.08139
568 -0.798767 -0.132353 2.09042
569 -0.811983 -0.13941 2.09957
570 -0.825069 -0.146189 2.10892
571 -0.837712 -0.15317 2.11824
572 -0.850033 -0.159498 2.12758
573 -0.861947 -0.165836 2.13707
574 -0.873577 -0.171984 2.14583
575 -0.884906 -0.178085 2.15505
576 -0.896007 -0.184076 2.16409
577 -0.907346 -0.190275 2.1735
578 -0.917986 -0.196204 2.18278
579 -0.928686 -0.201993 2.19244
580 -0.939762 -0.208133 2.20226
581 -0.950625 -0.214617 2.21232
582 -0.961724 -0.221259 2.22247
583 -0.972732 -0.228193 2.23281
584 -0.983714 -0.235608 2.24352
585 -0.995059 -0.243383 2.25431
586 -1.00615 -0.251223 2.26522
587 -1.01723 -0.259648 2.27628
588 -1.02802 -0.268467 2.28726
589 -1.03904 -0.277714 2.29841
590 -1.0497 -0.287088 2.30925
591 -1.06011 -0.297053 2.32062
592 -1.07082 -0.307289 2.33209
593 -1.08102 -0.317687 2.34355
594 -1.09104 -0.32797 2.35506
595 -1.10109 -0.338615 2.36713
596 -1.11116 -0.349152 2.37921
597 -1.12055 -0.359748 2.39133
598 -1.12992 -0.370018 2.40368
599 -1.13941 -0.3805 2.41635
600 -1.14819 -0.390832 2.42895
601 -1.15696 -0.400843 2.44198
602 -1.16576 -0.410705 2.455
603 -1.17418 -0.420774 2.46803
604 -1.18262 -0.430429 2.4813
605 -1.19055 -0.439964 2.49445
606 -1.19847 -0.449438 2.50759
607 -1.20644 -0.458978 2.52116
608 -1.21396 -0.467918 2.53421
609 -1.22111 -0.476819 2.54758
610 -1.2287 -0.485598 2.56107
611 -1.23592 -0.494418 2.57502
612 -1.24308 -0.502784 2.58885
613 -1.25004 -0.511187 2.60249
614 -1.25731 -0.519115 2.61645
615 -1.26432 -0.526837 2.62985
616 -1.27126 -0.534093 2.64319
617 -1.27822 -0.540646 2.65611
618 -1.2852 -0.547127 2.66968
619 -1.29153 -0.552797 2.68218
620 -1.29833 -0.55839 2.69549
621 -1.30498 -0.564086 2.70908
622 -1.31136 -0.569863 2.72225
623 -1.31724 -0.576359 2.73546
624 -1.32408 -0.58331 2.74962
625 -1.33066 -0.590744 2.76359
626 -1.33715 -0.598633 2.77748
627 -1.34366 -0.607531 2.79152
628 -1.35047 -0.616965 2.80557
629 -1.35693 -0.62606 2.81949
630 -1.36323 -0.635706 2.83326
631 -1.3694 -0.645378 2.84706
632 -1.37528 -0.654691 2.86022
633 -1.38127 -0.663933 2.87357
634 -1.38732 -0.673249 2.88702
635 -1.39265 -0.682808 2.89933
636 -1.39878 -0.692504 2.91212
637 -1.4044 -0.702398 2.92498
638 -1.41016 -0.71257 2.93748
639 -1.41646 -0.722809 2.95111
640 -1.42262 -0.733632 2.96483
641 -1.42878 -0.744797 2.97899
642 -1.43471 -0.756519 2.99362
643 -1.44076 -0.768252 3.00821
644 -1.44704 -0.780684 3.02307
645 -1.45277 -0.793087 3.0381
646 -1.45885 -0.805807 3.05414
647 -1.46516 -0.818741 3.07049
648 -1.47063 -0.831355 3.08736
649 -1.4765 -0.844389 3.10518
650 -1.48154 -0.856666 3.1224
651 -1.48686 -0.869086 3.14081
652 -1.4921 -0.881833 3.15957
653 -1.49715 -0.895044 3.17883
654 -1.50196 -0.907895 3.19815
655 -1.50673 -0.921567 3.21818
656 -1.51114 -0.9357 3.23758
657 -1.51518 -0.949556 3.25698
658 -1.51908 -0.963224 3.27647
659 -1.52237 -0.97672 3.29541
660 -1.52559 -0.990101 3.31428
661 -1.52849 -1.0035 3.33261
662 -1.53072 -1.01669 3.35072
663 -1.53294 -1.02973 3.36926
664 -1.53495 -1.04295 3.38763
665 -1.53636 -1.05603 3.40581
666 -1.53742 -1.06977 3.42447
667 -1.53829 -1.08324 3.44423
668 -1.5386 -1.09622 3.46288
669 -1.53836 -1.10841 3.48133
670 -1.53788 -1.12015 3.49935
672 -1.53625 -1.14303 3.53552
673 -1.53485 -1.1541 3.55367
674 -1.53278 -1.16349 3.57053
675 -1.53067 -1.17332 3.58861
676 -1.52805 -1.18272 3.60634
677 -1.52526 -1.19167 3.62346
678 -1.52184 -1.20108 3.64097
679 -1.51849 -1.20904 3.65639
680 -1.51513 -1.21713 3.67096
681 -1.51157 -1.22517 3.68417
682 -1.50795 -1.23268 3.69567
683 -1.50431 -1.23963 3.70506
684 -1.50086 -1.24616 3.71266
685 -1.49741 -1.25201 3.71833
686 -1.49413 -1.25693 3.72213
687 -1.491 -1.26102 3.72396
688 -1.48799 -1.26398 3.72415
689 -1.48511 -1.26576 3.72308
690 -1.482 -1.2658 3.721
691 -1.47924 -1.26471 3.71813
692 -1.47625 -1.26207 3.71412
693 -1.47373 -1.25824 3.7092
694 -1.47119 -1.25351 3.70353
695 -1.46884 -1.24831 3.69761
696 -1.46624 -1.24267 3.69133
697 -1.4638 -1.2372 3.68498
698 -1.46093 -1.23201 3.67803
699 -1.45773 -1.22799 3.67082
700 -1.45407 -1.22384 3.6627
701 -1.44997 -1.2206 3.65484
702 -1.4454 -1.21754 3.64747
703 -1.44022 -1.21555 3.64146
704 -1.43477 -1.21384 3.63639
705 -1.42908 -1.21321 3.6329
706 -1.42302 -1.21336 3.62971
707 -1.41664 -1.21407 3.6267
708 -1.41007 -1.21604 3.62473
709 -1.4033 -1.21763 3.62355
710 -1.39624 -1.21971 3.62362
711 -1.389 -1.22153 3.62472
712 -1.38141 -1.22198 3.62672
713 -1.37365 -1.22085 3.62932
714 -1.36574 -1.21998 3.63382
715 -1.35744 -1.21836 3.6387
716 -1.34822 -1.21732 3.64303
717 -1.3382 -1.21731 3.64701
718 -1.32813 -1.2184 3.65043
719 -1.31898 -1.22105 3.654
720 -1.3105 -1.22425 3.65748
721 -1.30125 -1.22796 3.66007
722 -1.29197 -1.23175 3.66161
723 -1.28335 -1.23396 3.66281
724 -1.27513 -1.23606 3.66527
725 -1.26855 -1.2375 3.67015
726 -1.2619 -1.23864 3.67675
727 -1.25551 -1.24047 3.6842
728 -1.24955 -1.24349 3.69247
729 -1.24334 -1.24665 3.70133
730 -1.23742 -1.25135 3.71114
731 -1.23158 -1.25745 3.72103
732 -1.22593 -1.26503 3.73136
733 -1.22028 -1.27415 3.74181
734 -1.21459 -1.28369 3.7519
735 -1.20922 -1.29328 3.76043
736 -1.20409 -1.30258 3.76917
737 -1.1993 -1.31103 3.77722
738 -1.19459 -1.3191 3.78477
739 -1.19021 -1.32684 3.79213
740 -1.1855 -1.33389 3.79914
741 -1.18117 -1.33964 3.80579
742 -1.17682 -1.34485 3.8125
743 -1.17237 -1.34887 3.81932
744 -1.16783 -1.35279 3.82633
745 -1.16349 -1.35719 3.83367
746 -1.1589 -1.3622 3.84108
747 -1.15424 -1.36774 3.84902
748 -1.1497 -1.37544 3.85784
749 -1.145 -1.38338 3.86685
750 -1.14035 -1.39309 3.87646
751 -1.13544 -1.40296 3.88618
752 -1.13041 -1.4131 3.89668
753 -1.12491 -1.42384 3.90868
754 -1.11955 -1.43393 3.92075
755 -1.1143 -1.44391 3.9338
756 -1.10878 -1.45267 3.94701
757 -1.10322 -1.46059 3.95971
758 -1.09752 -1.46888 3.97329
759 -1.09163 -1.47749 3.98779
760 -1.08582 -1.48617 4.00406
761 -1.07989 -1.49478 4.02113
762 -1.07386 -1.50326 4.04021
763 -1.06772 -1.51169 4.05957
764 -1.06136 -1.52015 4.07809
765 -1.05527 -1.52974 4.0958
766 -1.04902 -1.53962 4.1123
767 -1.04214 -1.54988 4.12856
768 -1.03524 -1.55968 4.1447
769 -1.02818 -1.56999 4.16161
770 -1.02078 -1.57977 4.17755
771 -1.01283 -1.59068 4.19376
772 -1.00475 -1.60379 4.20917
773 -0.996107 -1.61915 4.22395
774 -0.98712 -1.63602 4.23799
775 -0.977846 -1.65417 4.25263
776 -0.967695 -1.67251 4.268
777 -0.957452 -1.68987 4.28489
778 -0.946499 -1.70532 4.30216
779 -0.935528 -1.72076 4.32032
780 -0.923955 -1.73622 4.339
781 -0.911655 -1.75253 4.35798
782 -0.898857 -1.7687 4.37706
783 -0.886334 -1.78387 4.39596
784 -0.873958 -1.79742 4.41437
785 -0.862528 -1.8087 4.43189
786 -0.852247 -1.81755 4.44887
787 -0.842144 -1.82436 4.46543
788 -0.832729 -1.82956 4.48125
789 -0.823776 -1.83321 4.49677
790 -0.81605 -1.83632 4.51134
791 -0.810542 -1.83793 4.52464
792 -0.807886 -1.83699 4.53585
793 -0.805708 -1.83477 4.54542
794 -0.802687 -1.83209 4.55413
795 -0.79969 -1.82931 4.56243
796 -0.795587 -1.8262 4.57016
797 -0.791433 -1.82289 4.57741
798 -0.787588 -1.81863 4.58347
799 -0.784421 -1.81297 4.5882
800 -0.781966 -1.80669 4.59129
801 -0.780009 -1.79908 4.59253
802 -0.778328 -1.79143 4.59234
803 -0.776849 -1.78312 4.59124
804 -0.776012 -1.77454 4.58874
805 -0.776737 -1.76491 4.58431
806 -0.778901 -1.75484 4.57791
807 -0.782478 -1.74397 4.56942
808 -0.786947 -1.73244 4.55935
809 -0.792195 -1.72142 4.54784
810 -0.797964 -1.71034 4.53529
811 -0.804006 -1.69984 4.52211
812 -0.810502 -1.68931 4.50806
813 -0.81739 -1.67825 4.49302
814 -0.824577 -1.66716 4.47738
815 -0.831707 -1.6565 4.46131
816 -0.839433 -1.64627 4.44481
817 -0.847442 -1.63596 4.42779
818 -0.855963 -1.62657 4.41074
819 -0.864945 -1.61773 4.39316
820 -0.874602 -1.61005 4.37582
821 -0.88484 -1.60343 4.35879
822 -0.894422 -1.59676 4.34275
823 -0.904301 -1.59156 4.32816
824 -0.913821 -1.58639 4.31443
825 -0.923557 -1.58188 4.30134
826 -0.933316 -1.57671 4.28819
827 -0.943727 -1.57224 4.27486
828 -0.954968 -1.56719 4.2608
829 -0.966114 -1.56238 4.24643
830 -0.977279 -1.5579 4.23233
831 -0.988741 -1.55356 4.21849
832 -1.00019 -1.54807 4.20457
834 -1.02378 -1.53587 4.17794
835 -1.03573 -1.52897 4.16465
836 -1.04737 -1.52167 4.1519
837 -1.05865 -1.5155 4.13978
838 -1.06957 -1.51052 4.12827
839 -1.08051 -1.50624 4.11664
840 -1.09118 -1.50304 4.10546
841 -1.10188 -1.50174 4.0943
842 -1.11232 -1.50006 4.08204
843 -1.12265 -1.49924 4.06897
844 -1.13244 -1.4992 4.0555
845 -1.14179 -1.50075 4.04169
846 -1.15074 -1.50313 4.02782
847 -1.1588 -1.50576 4.01377
848 -1.16568 -1.50879 3.99941
849 -1.17168 -1.51159 3.98519
850 -1.17645 -1.51317 3.96904
851 -1.18035 -1.51384 3.95235
852 -1.18327 -1.51326 3.93451
854 -1.18673 -1.51394 3.89826
855 -1.18773 -1.51501 3.8794
856 -1.188 -1.51591 3.8604
857 -1.18854 -1.51742 3.84168
858 -1.18858 -1.51829 3.82301
859 -1.18874 -1.5187 3.80478
860 -1.18865 -1.51944 3.78761
861 -1.18829 -1.52004 3.77182
862 -1.18784 -1.52043 3.75711
863 -1.18734 -1.52029 3.74333
864 -1.18673 -1.51998 3.73048
865 -1.18627 -1.5191 3.71799
866 -1.18518 -1.51714 3.70513
867 -1.18448 -1.51457 3.69203
868 -1.18312 -1.51215 3.67881
869 -1.1815 -1.50915 3.66489
870 -1.1794 -1.506 3.65039
871 -1.17714 -1.50286 3.63524
872 -1.17439 -1.49971 3.62056
873 -1.17159 -1.49628 3.60586
874 -1.16873 -1.49305 3.59157
875 -1.16555 -1.48938 3.57738
876 -1.16246 -1.48583 3.56393
877 -1.15938 -1.48176 3.55054
878 -1.15647 -1.47772 3.53832
879 -1.15411 -1.47413 3.52707
880 -1.1516 -1.47046 3.51587
881 -1.14934 -1.46647 3.50465
882 -1.14705 -1.46211 3.49397
883 -1.14464 -1.45813 3.48366
884 -1.14213 -1.45385 3.47322
885 -1.13951 -1.44929 3.46268
886 -1.13686 -1.44466 3.45149
887 -1.13374 -1.44011 3.44012
888 -1.13054 -1.43498 3.42855
889 -1.12737 -1.42998 3.41712
890 -1.12377 -1.42495 3.40547
891 -1.12015 -1.41945 3.39369
892 -1.1164 -1.4145 3.38256
893 -1.11292 -1.41002 3.37163
894 -1.10878 -1.4051 3.36082
895 -1.1054 -1.40027 3.35052
896 -1.10124 -1.39507 3.33972
897 -1.09758 -1.38959 3.32901
898 -1.0936 -1.38423 3.31877
899 -1.09005 -1.37955 3.30918
900 -1.08647 -1.37542 3.3004
901 -1.08293 -1.372 3.29183
902 -1.07985 -1.36935 3.2835
903 -1.07635 -1.36727 3.27439
904 -1.07318 -1.36606 3.26464
905 -1.06981 -1.36501 3.25451
906 -1.06651 -1.36456 3.24423
907 -1.06335 -1.36387 3.23412
908 -1.05988 -1.36291 3.22297
909 -1.0567 -1.36136 3.21129
910 -1.05345 -1.35944 3.19983
911 -1.05043 -1.35746 3.18953
912 -1.0473 -1.35366 3.17785
913 -1.04437 -1.34982 3.16709
914 -1.04162 -1.34672 3.15757
915 -1.03874 -1.34269 3.1471
916 -1.03622 -1.33723 3.13559
917 -1.0334 -1.33189 3.12522
918 -1.03099 -1.32625 3.1153
919 -1.02814 -1.31965 3.10546
920 -1.02597 -1.31223 3.0964
921 -1.02377 -1.30395 3.08779
922 -1.02189 -1.2944 3.07998
923 -1.0202 -1.28399 3.07313
924 -1.01894 -1.27277 3.0667
925 -1.01725 -1.26158 3.06084
926 -1.01542 -1.24993 3.05512
927 -1.01317 -1.23795 3.04959
928 -1.01162 -1.22575 3.04512
929 -1.0102 -1.21322 3.04139
930 -1.00877 -1.20009 3.0386
931 -1.00806 -1.18623 3.03729
932 -1.00749 -1.17184 3.03696
933 -1.00648 -1.15641 3.037
934 -1.00575 -1.1412 3.03776
935 -1.00485 -1.12574 3.03853
936 -1.00409 -1.11078 3.03985
937 -1.00287 -1.09615 3.04104
938 -1.00178 -1.0822 3.04236
939 -1.00052 -1.06909 3.04351
940 -0.999095 -1.05613 3.04479
941 -0.997296 -1.04364 3.04583
942 -0.995628 -1.0315 3.04727
943 -0.994376 -1.0199 3.04849
944 -0.992618 -1.0085 3.0501
945 -0.990897 -0.997027 3.05194
946 -0.98921 -0.985977 3.0539
947 -0.987701 -0.975162 3.05619
948 -0.9858 -0.963875 3.05852
949 -0.984369 -0.952444 3.06115
950 -0.982835 -0.941223 3.06415
951 -0.98087 -0.929785 3.06711
952 -0.978745 -0.918138 3.06978
953 -0.976431 -0.906539 3.07271
954 -0.97359 -0.894409 3.07569
955 -0.970595 -0.88216 3.07811
956 -0.967126 -0.870012 3.08045
957 -0.96372 -0.857809 3.08291
958 -0.959988 -0.846058 3.08517
959 -0.9559 -0.833862 3.08736
960 -0.952025 -0.821624 3.08998
961 -0.947765 -0.809226 3.09276
962 -0.943146 -0.796333 3.09545
963 -0.938103 -0.783051 3.09788
964 -0.932953 -0.769138 3.10036
965 -0.927413 -0.755282 3.10318
966 -0.921759 -0.741625 3.10636
967 -0.915823 -0.727659 3.10962
968 -0.909903 -0.713868 3.1127
969 -0.903604 -0.699879 3.11563
970 -0.897496 -0.686578 3.11884
972 -0.885396 -0.661744 3.12487
973 -0.879226 -0.649482 3.12709
974 -0.873213 -0.637878 3.12936
975 -0.866665 -0.626099 3.13183
976 -0.860264 -0.614623 3.13451
977 -0.853863 -0.603171 3.13741
978 -0.847415 -0.591907 3.14032
979 -0.841069 -0.58089 3.14289
980 -0.834478 -0.569793 3.14588
981 -0.827953 -0.559029 3.14899
982 -0.821139 -0.548155 3.15264
983 -0.813697 -0.536861 3.15603
984 -0.805926 -0.525256 3.15928
985 -0.797611 -0.51313 3.16263
986 -0.788947 -0.500957 3.16562
987 -0.779769 -0.489003 3.16778
988 -0.770273 -0.476468 3.16908
989 -0.760274 -0.463986 3.16948
990 -0.749362 -0.45151 3.16901
991 -0.737704 -0.438834 3.16759
992 -0.726073 -0.426523 3.16554
993 -0.713811 -0.413866 3.16246
994 -0.701011 -0.401296 3.15881
995 -0.688294 -0.38902 3.15488
996 -0.675072 -0.376575 3.1503
997 -0.661615 -0.36426 3.14548
998 -0.647228 -0.35173 3.14003
999 -0.632497 -0.338838 3.13434
1000 -0.617639 -0.326076 3.12858
1001 -0.602219 -0.313188 3.12305
1002 -0.586465 -0.29999 3.11711
1003 -0.570099 -0.286752 3.11128
1004 -0.553936 -0.27361 3.10588
1005 -0.537239 -0.260315 3.10047
1006 -0.519943 -0.246901 3.0953
1007 -0.50228 -0.233643 3.09045
1008 -0.484106 -0.220438 3.08546
1009 -0.465399 -0.207239 3.08066
1010 -0.445543 -0.193771 3.07555
1011 -0.425031 -0.180577 3.07051
1012 -0.404174 -0.167788 3.06572
1013 -0.382775 -0.155104 3.06066
1014 -0.360715 -0.142979 3.05533
1015 -0.33837 -0.131278 3.04996
1016 -0.316268 -0.120373 3.04447
1017 -0.294104 -0.11001 3.03907
1018 -0.271968 -0.100016 3.03363
1019 -0.2504 -0.0908379 3.02826
1020 -0.228944 -0.0825076 3.02288
1021 -0.207938 -0.0744856 3.01726
1022 -0.186848 -0.0672049 3.01098
1023 -0.166065 -0.0604731 3.00432
1024 -0.145423 -0.0547513 2.99711
1025 -0.124826 -0.0496776 2.98913
1026 -0.104259 -0.0452693 2.98139
1027 -0.083109 -0.0416198 2.97319
1028 -0.0620893 -0.0383706 2.96546
1029 -0.0404743 -0.0358932 2.95714
1030 -0.0183016 -0.0338535 2.94885
1031 0.00468879 -0.0323825 2.94018
1032 0.0284113 -0.0314236 2.93153
1033 0.0519327 -0.0309451 2.9228
1034 0.0760584 -0.0309673 2.91398
1035 0.100314 -0.0314442 2.90545
1036 0.124142 -0.0323695 2.89689
1037 0.148078 -0.034179 2.88872
1038 0.171939 -0.0364703 2.87996
1039 0.195265 -0.0395014 2.87098
1040 0.218773 -0.0434387 2.86187
1041 0.241863 -0.048323 2.85183
1042 0.264792 -0.0539722 2.84138
1043 0.286929 -0.0605502 2.83056
1044 0.309067 -0.0677634 2.81962
1045 0.330337 -0.075448 2.80849
1046 0.35136 -0.0839805 2.79648
1047 0.372077 -0.0931048 2.7845
1048 0.392474 -0.102834 2.77168
1049 0.412866 -0.113221 2.75884
1050 0.432873 -0.123986 2.74554
1051 0.452298 -0.135099 2.73214
1052 0.470703 -0.146581 2.71877
1053 0.488047 -0.158279 2.70505
1054 0.504691 -0.16971 2.69107
1055 0.520588 -0.181158 2.67692
1056 0.535657 -0.19281 2.66273
1057 0.550928 -0.204508 2.64813
1058 0.565751 -0.216207 2.63354
1059 0.580312 -0.2277 2.61858
1060 0.594244 -0.239582 2.60362
1061 0.607314 -0.251452 2.5881
1062 0.619488 -0.263493 2.57215
1063 0.631246 -0.275691 2.55592
1064 0.64152 -0.287981 2.53926
1065 0.650482 -0.300171 2.52252
1066 0.658451 -0.311992 2.50552
1067 0.665438 -0.323464 2.48867
1068 0.671634 -0.335276 2.47161
1069 0.676925 -0.346857 2.45436
1070 0.681583 -0.358534 2.43716
1071 0.685074 -0.370531 2.41969
1072 0.68702 -0.38269 2.40185
1073 0.686847 -0.39507 2.38394
1074 0.685162 -0.407341 2.36576
1075 0.681887 -0.419555 2.34791
1076 0.677394 -0.431647 2.3303
1077 0.67156 -0.443317 2.31329
1078 0.664351 -0.454668 2.29653
1079 0.656028 -0.465647 2.28042
1080 0.647054 -0.476037 2.2651
1081 0.637668 -0.486147 2.2501
1082 0.627617 -0.495732 2.23598
1083 0.617363 -0.505162 2.2227
1084 0.606227 -0.51458 2.20974
1085 0.594317 -0.523774 2.19711
1086 0.582077 -0.532473 2.18532
1087 0.569265 -0.540726 2.17437
1088 0.555755 -0.549058 2.16405
1089 0.541265 -0.557386 2.15389
1090 0.526453 -0.564981 2.14424
1091 0.51115 -0.571899 2.13488
1092 0.495214 -0.578219 2.12584
1093 0.47878 -0.583732 2.11764
1094 0.461152 -0.588675 2.11023
1095 0.443164 -0.59271 2.10322
1096 0.424832 -0.596448 2.09655
1097 0.406092 -0.59938 2.09066
1098 0.387084 -0.601903 2.08502
1099 0.36797 -0.603969 2.08003
1100 0.348898 -0.605866 2.07504
1101 0.330286 -0.607504 2.07047
1102 0.311592 -0.608864 2.06593
1103 0.29289 -0.610232 2.06205
1104 0.27458 -0.611233 2.05859
1105 0.255178 -0.612345 2.05576
1106 0.2362 -0.61318 2.05319
1107 0.217096 -0.614133 2.05114
1108 0.197875 -0.614474 2.04925
1109 0.178783 -0.614219 2.04796
1110 0.159767 -0.613455 2.04708
1111 0.141013 -0.612503 2.04674
1112 0.122684 -0.61085 2.04648
1113 0.10452 -0.609153 2.04682
1114 0.0860741 -0.607113 2.04721
1115 0.0676036 -0.604386 2.04821
1116 0.0493041 -0.601138 2.04953
1117 0.0312146 -0.59731 2.05117
1118 0.0127397 -0.592708 2.05348
1119 -0.00516931 -0.586918 2.05634
1120 -0.0231743 -0.580602 2.06004
1121 -0.0404949 -0.573664 2.064
1122 -0.0568984 -0.566813 2.06778
1123 -0.0722347 -0.559788 2.07206
1124 -0.0868165 -0.552483 2.07628
1125 -0.100406 -0.544664 2.08076
1126 -0.113174 -0.536012 2.08554
1127 -0.125329 -0.527051 2.09069
1128 -0.136236 -0.517026 2.09591
1129 -0.146218 -0.505827 2.10158
1130 -0.15567 -0.494363 2.1076
1131 -0.16483 -0.482162 2.11372
1132 -0.173403 -0.46989 2.12052
1133 -0.181393 -0.457249 2.12724
1134 -0.189166 -0.444358 2.13413
1135 -0.197246 -0.431338 2.14168
1136 -0.205357 -0.417762 2.14999
1137 -0.213343 -0.403833 2.15865
1138 -0.221394 -0.389566 2.16758
1139 -0.22969 -0.375831 2.17726
1140 -0.237941 -0.362093 2.18711
1141 -0.245473 -0.348505 2.19735
1142 -0.25265 -0.335088 2.20794
1143 -0.259164 -0.321958 2.2188
1144 -0.265321 -0.309114 2.22969
1145 -0.270796 -0.296089 2.24094
1146 -0.275275 -0.282963 2.25237
1147 -0.278942 -0.269888 2.26392
1148 -0.281784 -0.256877 2.27508
1149 -0.284033 -0.243536 2.28716
1150 -0.286006 -0.230208 2.29932
1151 -0.287475 -0.216992 2.31205
1152 -0.288576 -0.204134 2.32515
1153 -0.289271 -0.191792 2.33785
1154 -0.289136 -0.179999 2.35026
1155 -0.288171 -0.168148 2.36311
1156 -0.286769 -0.156691 2.37594
1157 -0.284839 -0.145261 2.38911
1158 -0.282157 -0.133644 2.40203
1159 -0.278719 -0.121868 2.41508
1160 -0.27463 -0.110389 2.42839
1161 -0.270031 -0.0988443 2.44175
1162 -0.264257 -0.0871609 2.45529
1163 -0.258019 -0.0756546 2.4689
1164 -0.251264 -0.0644521 2.48281
1165 -0.243763 -0.0536144 2.49671
1166 -0.235012 -0.0425193 2.5106
1167 -0.225954 -0.0316574 2.5246
1168 -0.216113 -0.0211818 2.53827
1169 -0.204859 -0.0109613 2.55199
1170 -0.192352 -0.000921906 2.5655
1171 -0.179539 0.00831966 2.57891
1172 -0.16679 0.0168757 2.59221
1173 -0.153539 0.02478 2.60522
1174 -0.140222 0.0320762 2.61825
1175 -0.127566 0.0379671 2.63104
1176 -0.115557 0.0427308 2.64319
1177 -0.102978 0.0473525 2.65534
1178 -0.0891724 0.0520859 2.66737
1179 -0.0751393 0.0558947 2.67909
1180 -0.06247 0.0582576 2.69029
1181 -0.0495224 0.0600956 2.70056
1182 -0.0354113 0.0611582 2.70958
1183 -0.0211836 0.061156 2.71735
1184 -0.00813617 0.0597328 2.72291
1185 0.00307692 0.0571149 2.72743
1186 0.0123643 0.0538365 2.73072
1187 0.0198087 0.0500377 2.73308
1188 0.0244375 0.0454595 2.73422
1189 0.0265619 0.0403473 2.73391
1190 0.0267887 0.034578 2.73276
1191 0.0245915 0.0277712 2.72965
1192 0.0200168 0.019413 2.72475
1193 0.0124331 0.0094681 2.71834
1194 0.00261513 -0.00217452 2.70997
1195 -0.00899736 -0.0157067 2.70021
1196 -0.0224264 -0.0307263 2.68899
1197 -0.0368523 -0.0470113 2.67748
1198 -0.0518066 -0.0641757 2.66544
1199 -0.0664613 -0.0816796 2.65266
1200 -0.0814154 -0.0998801 2.64025
1201 -0.096295 -0.118568 2.62783
1202 -0.11142 -0.13782 2.61545
1203 -0.126261 -0.157506 2.60317
1204 -0.140847 -0.176929 2.59134
1205 -0.155291 -0.196671 2.57945
1206 -0.169666 -0.216299 2.56792
1207 -0.184247 -0.236061 2.55672
1208 -0.199106 -0.255555 2.54563
1209 -0.214193 -0.274366 2.53533
1210 -0.229563 -0.29268 2.5255
1211 -0.245197 -0.310666 2.51611
1212 -0.261525 -0.329052 2.50733
1213 -0.278553 -0.347381 2.49895
1214 -0.296227 -0.366051 2.49077
1215 -0.314202 -0.384894 2.4828
1216 -0.332316 -0.403913 2.47512
1217 -0.351052 -0.423254 2.46806
1218 -0.369195 -0.442036 2.46099
1219 -0.387788 -0.46015 2.45474
1220 -0.406218 -0.477571 2.44911
1221 -0.425236 -0.494216 2.44429
1222 -0.444505 -0.509779 2.44031
1223 -0.464393 -0.524487 2.43692
1224 -0.484712 -0.538731 2.43425
1225 -0.505163 -0.55288 2.43158
1226 -0.525249 -0.567215 2.42895
1227 -0.545116 -0.58172 2.42598
1228 -0.564831 -0.596246 2.42309
1229 -0.584686 -0.610994 2.42045
1230 -0.604677 -0.62579 2.41781
1231 -0.624667 -0.640306 2.41568
1232 -0.644424 -0.654412 2.41364
1233 -0.66419 -0.667897 2.41223
1234 -0.683977 -0.681336 2.41131
1235 -0.703515 -0.694257 2.41091
1236 -0.723039 -0.707024 2.41112
1237 -0.742299 -0.719645 2.41152
1238 -0.761108 -0.732064 2.41241
1239 -0.779606 -0.743927 2.4134
1240 -0.797514 -0.755562 2.41481
1241 -0.814863 -0.766364 2.41594
1242 -0.83176 -0.776936 2.41796
1243 -0.848319 -0.786657 2.42013
1244 -0.865085 -0.796295 2.42316
1245 -0.881689 -0.804889 2.42711
1246 -0.898051 -0.812939 2.43167
1247 -0.914721 -0.820412 2.43733
1248 -0.931079 -0.827444 2.44358
1249 -0.947334 -0.833963 2.45045
1250 -0.963455 -0.839979 2.45811
1251 -0.97935 -0.845332 2.46622
1252 -0.994629 -0.850788 2.47477
1253 -1.01005 -0.855815 2.48358
1254 -1.02524 -0.860873 2.49328
1255 -1.04009 -0.865926 2.50279
1256 -1.05505 -0.871174 2.5137
1257 -1.06977 -0.875809 2.52499
1258 -1.08424 -0.879727 2.53698
1259 -1.09854 -0.88344 2.5495
1260 -1.11253 -0.88692 2.56255
1261 -1.12603 -0.889976 2.57605
1262 -1.13872 -0.892267 2.58964
1263 -1.15112 -0.894109 2.60361
1264 -1.16271 -0.894887 2.61769
1265 -1.17402 -0.895519 2.63202
1266 -1.18479 -0.895527 2.64636
1267 -1.19514 -0.895545 2.66087
1268 -1.20447 -0.894774 2.67512
1269 -1.21341 -0.893863 2.68964
1270 -1.22166 -0.893025 2.70398
1271 -1.22961 -0.892237 2.71858
1272 -1.23702 -0.891178 2.73286
1273 -1.24418 -0.890048 2.74766
1274 -1.25031 -0.888669 2.76223
1275 -1.25615 -0.887288 2.77669
1276 -1.26178 -0.885411 2.79151
1277 -1.26703 -0.883281 2.80683
1278 -1.27152 -0.880485 2.82179
1279 -1.27588 -0.877261 2.83706
1280 -1.27977 -0.873698 2.85273
1281 -1.28298 -0.869691 2.86859
1282 -1.28561 -0.865172 2.88428
1283 -1.28766 -0.860712 2.90015
1284 -1.28905 -0.855618 2.91584
1285 -1.28954 -0.849998 2.93154
1286 -1.28916 -0.84372 2.94706
1287 -1.28854 -0.837086 2.96286
1288 -1.28671 -0.829253 2.97859
1289 -1.28416 -0.820849 2.99455
1290 -1.28117 -0.811904 3.01057
1291 -1.27753 -0.802437 3.02665
1292 -1.27287 -0.792052 3.04262
1293 -1.26766 -0.780842 3.05884
1294 -1.26205 -0.770006 3.07533
1295 -1.25573 -0.758603 3.09173
1296 -1.24892 -0.746296 3.10786
1297 -1.24101 -0.734108 3.12377
1298 -1.2332 -0.722318 3.13986
1299 -1.22465 -0.710746 3.15591
1300 -1.21572 -0.698314 3.17197
1301 -1.20621 -0.68602 3.18841
1302 -1.19678 -0.674898 3.20515
1303 -1.18666 -0.664358 3.22204
1304 -1.17608 -0.653378 3.23819
1305 -1.16476 -0.642581 3.25352
1306 -1.15317 -0.631995 3.26823
1307 -1.14119 -0.621719 3.28329
1308 -1.12912 -0.611549 3.29909
1309 -1.11685 -0.601558 3.31518
1310 -1.10478 -0.592172 3.33167
1311 -1.09264 -0.583354 3.3486
1312 -1.08042 -0.575075 3.36559
1313 -1.06873 -0.56808 3.38302
1314 -1.05723 -0.5626 3.40033
1315 -1.04642 -0.55876 3.41751
1316 -1.03579 -0.555649 3.43427
1317 -1.02499 -0.552745 3.45021
1318 -1.01442 -0.550873 3.4665
1319 -1.00377 -0.549968 3.48336
1320 -0.99322 -0.548992 3.50047
1321 -0.982594 -0.548329 3.51774
1322 -0.971841 -0.547753 3.53469
1323 -0.961311 -0.547925 3.55152
1324 -0.950863 -0.548688 3.56829
1325 -0.940278 -0.549705 3.58484
1326 -0.929994 -0.551518 3.60114
1327 -0.91983 -0.553938 3.61816
1328 -0.910308 -0.557239 3.63564
1329 -0.900888 -0.561033 3.65363
1330 -0.89165 -0.56493 3.67184
1331 -0.882287 -0.568829 3.6902
1332 -0.873548 -0.573657 3.70963
1333 -0.864447 -0.579266 3.72945
1334 -0.856075 -0.585552 3.74973
1335 -0.847982 -0.5923 3.77032
1336 -0.839944 -0.599528 3.79063
1337 -0.832588 -0.607723 3.8113
1338 -0.825618 -0.616572 3.83232
1339 -0.81927 -0.62573 3.85369
1340 -0.812944 -0.635227 3.87571
1341 -0.806998 -0.645403 3.89867
1342 -0.801218 -0.655821 3.92244
1343 -0.795618 -0.667033 3.94708
1344 -0.790837 -0.679629 3.97247
1345 -0.786321 -0.693544 3.99822
1346 -0.782304 -0.709508 4.02444
1347 -0.778772 -0.72681 4.05062
1348 -0.775749 -0.745687 4.07673
1349 -0.772928 -0.765725 4.10216
1350 -0.770362 -0.787136 4.1273
1351 -0.768302 -0.809705 4.15168
1352 -0.766274 -0.833158 4.17587
1353 -0.764721 -0.857717 4.19915
1354 -0.763191 -0.882659 4.22163
1355 -0.762041 -0.908445 4.2437
1356 -0.760602 -0.935164 4.26518
1357 -0.759809 -0.963349 4.28614
1358 -0.759313 -0.992582 4.30629
1359 -0.758953 -1.02275 4.32545
1360 -0.758892 -1.05358 4.34305
1361 -0.759376 -1.08533 4.35958
1362 -0.759729 -1.11909 4.37596
1363 -0.760275 -1.15206 4.3909
1364 -0.760669 -1.18514 4.40472
1365 -0.761364 -1.21887 4.41771
1366 -0.762001 -1.25265 4.42928
1367 -0.76334 -1.2874 4.43972
1368 -0.764478 -1.32128 4.44852
1369 -0.766264 -1.35577 4.45548
1370 -0.76848 -1.3895 4.46047
1371 -0.770962 -1.42367 4.46388
1372 -0.773947 -1.45774 4.46582
1373 -0.777325 -1.49149 4.46648
1374 -0.780995 -1.52406 4.46586
1375 -0.784965 -1.55523 4.46366
1376 -0.789403 -1.5858 4.46072
1377 -0.794115 -1.61487 4.45657
1378 -0.79911 -1.64242 4.45156
1379 -0.804069 -1.66782 4.44521
1380 -0.809629 -1.69266 4.43872
1381 -0.815563 -1.71644 4.43128
1382 -0.822033 -1.73929 4.42317
1383 -0.828834 -1.76155 4.41422
1384 -0.836142 -1.78238 4.40464
1385 -0.844017 -1.8031 4.39455
1386 -0.852477 -1.82107 4.38322
1387 -0.861428 -1.83779 4.37166
1388 -0.870906 -1.85293 4.35971
1389 -0.881015 -1.86653 4.34734
1390 -0.891266 -1.87954 4.33482
1391 -0.901652 -1.89135 4.32133
1392 -0.912431 -1.90252 4.30763
1393 -0.923346 -1.91274 4.29302
1394 -0.934146 -1.92192 4.27807
1395 -0.94504 -1.9302 4.26255
1396 -0.956362 -1.93745 4.24665
1397 -0.968252 -1.94343 4.23049
1398 -0.980421 -1.94831 4.21441
1399 -0.992904 -1.95176 4.19839
1400 -1.00501 -1.95436 4.18249
1401 -1.01762 -1.9561 4.16654
1402 -1.03002 -1.95707 4.15047
1403 -1.04241 -1.95743 4.13391
1404 -1.05492 -1.95757 4.11724
1405 -1.06745 -1.95712 4.10038
1406 -1.08011 -1.95628 4.08341
1407 -1.09296 -1.9544 4.06605
1408 -1.10553 -1.9528 4.04929
1409 -1.11795 -1.95069 4.03245
1410 -1.13015 -1.94863 4.01642
1411 -1.14232 -1.94649 4.00067
1412 -1.15399 -1.94389 3.98454
1413 -1.16553 -1.94114 3.96824
1414 -1.17692 -1.93802 3.95158
1415 -1.18824 -1.93507 3.93524
1416 -1.19981 -1.93143 3.91824
1417 -1.21143 -1.92751 3.90126
1418 -1.22295 -1.92304 3.88445
1419 -1.23431 -1.91849 3.868
1420 -1.24586 -1.91356 3.85193
1421 -1.25731 -1.90868 3.83595
1422 -1.2692 -1.90291 3.81949
1423 -1.28147 -1.89681 3.8033
1424 -1.29366 -1.89043 3.78726
1425 -1.30573 -1.88342 3.77148
1426 -1.31777 -1.87605 3.75615
1427 -1.32982 -1.86808 3.74058
1428 -1.34204 -1.85914 3.72435
1429 -1.3548 -1.84909 3.70688
1430 -1.3674 -1.83816 3.68845
1431 -1.38018 -1.82596 3.66941
1432 -1.39328 -1.81322 3.6505
1433 -1.40591 -1.79943 3.63192
1434 -1.41874 -1.78521 3.61398
1435 -1.43085 -1.77119 3.59689
1436 -1.44237 -1.75746 3.58029
1437 -1.45325 -1.7442 3.56448
1438 -1.46353 -1.73106 3.54957
1439 -1.47345 -1.71777 3.53499
1440 -1.48302 -1.70509 3.52097
1441 -1.49166 -1.69294 3.50768
1442 -1.50032 -1.68091 3.49497
1443 -1.50886 -1.6683 3.48222
1444 -1.51679 -1.65535 3.47048
1445 -1.5246 -1.64211 3.45886
1446 -1.5324 -1.62797 3.44702
1447 -1.53971 -1.61372 3.43558
1448 -1.54731 -1.59839 3.42416
1449 -1.55465 -1.58235 3.41324
1450 -1.56189 -1.56554 3.40332
1451 -1.56891 -1.54825 3.39401
1452 -1.5758 -1.53037 3.38553
1453 -1.58251 -1.5118 3.37748
1454 -1.58901 -1.49322 3.37034
1455 -1.59494 -1.47454 3.36362
1456 -1.60084 -1.4553 3.35725
1457 -1.60622 -1.43648 3.35113
1458 -1.61094 -1.4182 3.34536
1459 -1.61516 -1.40045 3.34042
1460 -1.61909 -1.38257 3.33607
1461 -1.62265 -1.36409 3.33243
1462 -1.62642 -1.34498 3.32888
1463 -1.62913 -1.32654 3.32582
1464 -1.6316 -1.30812 3.32307
1465 -1.63364 -1.28973 3.32165
1466 -1.63529 -1.27146 3.32137
1467 -1.63683 -1.25365 3.32199
1468 -1.63764 -1.23633 3.32314
1469 -1.63792 -1.21994 3.32462
1470 -1.63753 -1.20495 3.32653
1471 -1.63683 -1.19074 3.32795
1472 -1.63561 -1.17688 3.32911
1473 -1.63356 -1.16299 3.32999
1474 -1.63141 -1.14941 3.33148
1475 -1.62854 -1.13556 3.33382
1476 -1.62535 -1.12126 3.33667
1477 -1.62185 -1.10685 3.33998
1478 -1.61772 -1.09161 3.34352
1479 -1.61344 -1.07568 3.34819
1480 -1.60871 -1.05934 3.35344
1481 -1.60315 -1.04254 3.35911
1482 -1.59745 -1.02637 3.36548
1483 -1.5909 -1.01026 3.37155
1484 -1.584 -0.994293 3.37863
1485 -1.57657 -0.978707 3.38658
1486 -1.56911 -0.963146 3.39579
1487 -1.561 -0.946971 3.40566
1488 -1.55206 -0.930345 3.41645
1489 -1.54291 -0.913053 3.42701
1490 -1.53273 -0.896721 3.43778
1491 -1.52171 -0.880442 3.44897
1492 -1.51023 -0.863641 3.4604
1493 -1.49756 -0.847022 3.4721
1494 -1.48453 -0.831256 3.48431
1495 -1.47059 -0.8165 3.49642
1496 -1.45572 -0.80121 3.50738
1497 -1.44 -0.786684 3.5179
1498 -1.42355 -0.771698 3.5269
1499 -1.40652 -0.756778 3.53612
1500 -1.38945 -0.742457 3.54575
1501 -1.37171 -0.728633 3.55601
1502 -1.35387 -0.714653 3.56683
1503 -1.33594 -0.7008 3.57805
1504 -1.31796 -0.687715 3.59037
1505 -1.30007 -0.675515 3.6035
1506 -1.2818 -0.664133 3.61722
1507 -1.26398 -0.65413 3.63176
1508 -1.2455 -0.643626 3.64549
1509 -1.22706 -0.633437 3.65841
1510 -1.20861 -0.624031 3.67088
1511 -1.19022 -0.61519 3.68277
1512 -1.17118 -0.605865 3.69418
1513 -1.15239 -0.597137 3.706
1514 -1.13412 -0.589406 3.71761
1515 -1.11546 -0.582029 3.72957
1516 -1.09743 -0.574219 3.74164
1517 -1.07944 -0.566794 3.75384
1518 -1.06249 -0.560306 3.76659
1519 -1.04571 -0.554638 3.77994
1520 -1.02881 -0.548513 3.79286
1521 -1.01258 -0.543008 3.80559
1522 -0.997133 -0.538603 3.81839
1523 -0.98237 -0.535211 3.83092
1524 -0.967497 -0.531834 3.84315
1525 -0.95241 -0.528366 3.85397
1526 -0.937162 -0.524494 3.86361
1527 -0.922319 -0.52185 3.87295
1528 -0.90727 -0.519616 3.88188
1529 -0.89191 -0.516762 3.89015
1530 -0.875682 -0.513036 3.89737
1531 -0.859549 -0.509716 3.90409
1532 -0.843624 -0.506848 3.91131
1533 -0.8281 -0.504836 3.91887
1534 -0.812525 -0.5028 3.92607
1535 -0.796468 -0.50029 3.93273
1536 -0.780337 -0.49769 3.93897
1537 -0.764554 -0.495228 3.94521
1538 -0.748746 -0.493209 3.95157
1539 -0.733059 -0.491316 3.95782
1540 -0.717799 -0.48978 3.96401
1541 -0.701988 -0.487622 3.96922
1542 -0.68653 -0.485292 3.97405
1543 -0.670688 -0.482502 3.9777
1544 -0.655182 -0.47926 3.97996
1545 -0.639928 -0.475905 3.98048
1546 -0.625242 -0.472605 3.97913
1547 -0.610487 -0.468951 3.97512
1548 -0.596372 -0.465126 3.96906
1549 -0.58176 -0.460539 3.95995
1550 -0.566667 -0.455573 3.94871
1551 -0.550995 -0.449377 3.93515
1552 -0.534422 -0.442428 3.91976
1553 -0.517176 -0.434624 3.90259
1554 -0.498978 -0.425901 3.88396
1555 -0.480726 -0.417414 3.86394
1556 -0.462384 -0.408957 3.84235
1557 -0.443542 -0.400304 3.81977
1558 -0.424444 -0.391349 3.79621
1559 -0.40462 -0.382198 3.77192
1560 -0.3841 -0.372984 3.74718
1561 -0.362801 -0.363271 3.72156
1562 -0.340779 -0.353367 3.69583
1563 -0.318028 -0.343622 3.66959
1564 -0.294614 -0.33427 3.64329
1565 -0.270738 -0.325243 3.61607
1566 -0.246732 -0.317533 3.58855
1567 -0.222288 -0.310738 3.56028
1568 -0.1976 -0.304784 3.53112
1569 -0.173075 -0.299996 3.50178
1570 -0.149081 -0.295823 3.47196
1571 -0.125554 -0.292613 3.44259
1572 -0.102959 -0.289637 3.41355
1573 -0.080837 -0.287522 3.38532
1574 -0.0597681 -0.28564 3.3579
1575 -0.0393694 -0.284631 3.33071
1576 -0.0196808 -0.283867 3.30429
1577 -0.000736759 -0.283715 3.27845
1578 0.0172711 -0.2838 3.25323
1579 0.0337416 -0.284547 3.22808
1580 0.0488931 -0.285751 3.2031
1581 0.0620923 -0.28789 3.17808
1582 0.0731443 -0.291269 3.15253
1583 0.0826861 -0.296371 3.12585
1584 0.091067 -0.303069 3.09826
1585 0.0991313 -0.311147 3.07041
1586 0.106332 -0.319453 3.04273
1587 0.113627 -0.328254 3.01573
1588 0.120568 -0.337343 2.9897
1589 0.127286 -0.346917 2.96372
1590 0.133392 -0.357162 2.93894
1591 0.139053 -0.367748 2.91384
1592 0.143245 -0.379022 2.88988
1593 0.145888 -0.390936 2.8661
1594 0.14705 -0.404143 2.84257
1595 0.147344 -0.418131 2.81963
1596 0.147326 -0.432744 2.79681
1597 0.146851 -0.447823 2.77517
1598 0.145687 -0.462908 2.75459
1599 0.14391 -0.477898 2.7347
1600 0.14153 -0.492728 2.71598
1601 0.137415 -0.507626 2.69856
1602 0.132096 -0.522277 2.68137
1603 0.125406 -0.536694 2.6654
1604 0.117932 -0.551141 2.64995
1605 0.108931 -0.565954 2.63508
1606 0.098439 -0.581057 2.62075
1607 0.0865871 -0.596795 2.6071
1608 0.0735959 -0.612517 2.59402
1609 0.0592813 -0.628507 2.58198
1610 0.0439746 -0.644938 2.57047
1611 0.0276135 -0.661072 2.55973
1612 0.0105787 -0.677379 2.54994
1613 -0.00699468 -0.693375 2.54112
1614 -0.0251945 -0.709062 2.53324
1615 -0.0442161 -0.723961 2.52697
1616 -0.063694 -0.737998 2.52234
1617 -0.0834131 -0.75178 2.51874
1618 -0.103809 -0.764848 2.51665
1619 -0.124415 -0.777446 2.51554
1620 -0.145015 -0.789806 2.51545
1621 -0.165509 -0.801771 2.5161
1622 -0.186128 -0.813339 2.51793
1623 -0.206537 -0.824151 2.52023
1624 -0.227262 -0.834568 2.52369
1625 -0.248415 -0.844539 2.52822
1626 -0.270329 -0.854217 2.53409
1627 -0.292122 -0.864005 2.5409
1628 -0.31408 -0.873598 2.54832
1629 -0.335507 -0.883239 2.55633
1630 -0.357097 -0.893474 2.56496
1631 -0.378107 -0.903863 2.57377
1632 -0.399221 -0.91519 2.58347
1633 -0.419976 -0.927401 2.59339
1634 -0.440562 -0.940214 2.60395
1635 -0.461571 -0.954124 2.61519
1636 -0.482455 -0.968456 2.62692
1637 -0.503299 -0.983358 2.64004
1638 -0.524098 -0.997792 2.65364
1639 -0.54478 -1.01211 2.66844
1640 -0.565306 -1.02568 2.68416
1641 -0.585678 -1.03859 2.70098
1642 -0.605732 -1.05101 2.71865
1643 -0.625129 -1.06277 2.73683
1644 -0.644218 -1.07458 2.75574
1645 -0.662893 -1.08624 2.77522
1646 -0.681132 -1.09861 2.79525
1647 -0.698648 -1.11064 2.81567
1648 -0.715712 -1.12275 2.83718
1649 -0.732046 -1.13433 2.8588
1650 -0.747861 -1.14562 2.88085
1651 -0.762733 -1.15594 2.90329
1652 -0.776936 -1.16547 2.92591
1653 -0.790881 -1.1742 2.94888
1654 -0.803827 -1.18168 2.9722
1655 -0.816681 -1.18823 2.99615
1656 -0.828737 -1.19328 3.02022
1657 -0.840789 -1.1972 3.04498
1658 -0.851841 -1.19982 3.06952
1659 -0.862442 -1.20182 3.09429
1660 -0.872251 -1.20325 3.11901
1661 -0.881567 -1.20378 3.14352
1662 -0.890694 -1.20358 3.16813
1663 -0.899229 -1.20279 3.1927
1664 -0.907288 -1.20186 3.21756
1665 -0.915122 -1.20098 3.24247
1666 -0.92284 -1.20019 3.2679
1667 -0.930401 -1.19943 3.29358
1668 -0.937386 -1.19846 3.31985
1669 -0.94418 -1.1974 3.34624
1670 -0.950257 -1.19563 3.37225
1671 -0.956253 -1.19368 3.39834
1672 -0.961308 -1.19099 3.42428
1673 -0.96601 -1.18738 3.4491
1674 -0.969608 -1.18287 3.47268
1675 -0.973025 -1.17799 3.49557
1676 -0.975828 -1.17182 3.51737
1677 -0.977968 -1.16498 3.538
1678 -0.979782 -1.15725 3.55805
1679 -0.981465 -1.14859 3.57768
1680 -0.982702 -1.13921 3.59699
1681 -0.983467 -1.12881 3.61591
1682 -0.983889 -1.11759 3.63433
1683 -0.984016 -1.10556 3.65237
1684 -0.983935 -1.09277 3.67004
1685 -0.983663 -1.07929 3.6872
1686 -0.982516 -1.06511 3.70374
1687 -0.981283 -1.05053 3.71994
1688 -0.979985 -1.03551 3.73533
1689 -0.978061 -1.01983 3.74975
1690 -0.975756 -1.00333 3.76349
1691 -0.973064 -0.986887 3.77658
1692 -0.970045 -0.969949 3.78908
1693 -0.966476 -0.952567 3.80096
1694 -0.962555 -0.935225 3.81281
1695 -0.958527 -0.917596 3.82391
1696 -0.953724 -0.899239 3.8347
1697 -0.948797 -0.880548 3.8451
1698 -0.943197 -0.861454 3.85514
1699 -0.937174 -0.841557 3.86488
1700 -0.93069 -0.821157 3.87427
1701 -0.923745 -0.800175 3.88332
1702 -0.916391 -0.778782 3.89191
1703 -0.909046 -0.757125 3.90017
1704 -0.901109 -0.734734 3.90767
1705 -0.8927 -0.71247 3.91478
1706 -0.884199 -0.690003 3.92146
1707 -0.875245 -0.667453 3.92789
1708 -0.865994 -0.644942 3.93377
1709 -0.85699 -0.62226 3.9386
1710 -0.847358 -0.600024 3.94272
1711 -0.837508 -0.578289 3.94656
1712 -0.827176 -0.55586 3.94965
1713 -0.81704 -0.534128 3.95288
1714 -0.806936 -0.512369 3.95585
1715 -0.79655 -0.490468 3.95846
1716 -0.786452 -0.468971 3.96083
1717 -0.7757 -0.447587 3.96256
1718 -0.765319 -0.426596 3.964
1719 -0.754827 -0.406063 3.96486
1720 -0.744346 -0.386078 3.96503
1721 -0.734025 -0.366661 3.96382
1722 -0.723789 -0.347999 3.96174
1723 -0.713381 -0.329884 3.95879
1724 -0.702762 -0.311991 3.95522
1725 -0.692117 -0.293974 3.95108
1726 -0.681308 -0.275842 3.94654
1727 -0.670104 -0.258107 3.94137
1728 -0.65895 -0.240998 3.93579
1729 -0.647696 -0.224611 3.92963
1730 -0.636362 -0.207915 3.92248
1731 -0.624929 -0.191121 3.91416
1732 -0.612963 -0.174599 3.90535
1733 -0.600943 -0.157505 3.89625
1734 -0.588411 -0.140336 3.88673
1735 -0.57568 -0.122607 3.87695
1736 -0.562383 -0.104638 3.86626
1737 -0.549022 -0.0870017 3.85618
1738 -0.535998 -0.07036 3.84554
1739 -0.523367 -0.0539372 3.83475
1740 -0.51083 -0.0380248 3.82371
1741 -0.498285 -0.0220986 3.813
1742 -0.485866 -0.00656468 3.80248
1743 -0.473696 0.00845792 3.79244
1744 -0.461694 0.0234991 3.78293
1745 -0.449749 0.0377373 3.77303
1746 -0.437384 0.0520189 3.76294
1747 -0.425219 0.0658376 3.75203
1748 -0.412808 0.0790247 3.74036
1749 -0.400407 0.0919032 3.72779
1750 -0.38749 0.103956 3.71387
1751 -0.375096 0.115082 3.69948
1752 -0.362624 0.125199 3.68409
1753 -0.350077 0.134317 3.66747
1754 -0.337745 0.14224 3.64983
1755 -0.325627 0.149391 3.63104
1756 -0.313973 0.15518 3.61103
1757 -0.302054 0.160256 3.58961
1758 -0.29038 0.163998 3.56654
1759 -0.278934 0.166902 3.54266
1760 -0.26782 0.168645 3.51795
1761 -0.256983 0.16885 3.49264
1762 -0.246626 0.168201 3.46687
1763 -0.236823 0.166172 3.4406
1764 -0.227241 0.162796 3.41308
1765 -0.218413 0.158227 3.3855
1766 -0.209772 0.152474 3.35738
1767 -0.2015 0.146114 3.32945
1768 -0.193766 0.138784 3.30137
1769 -0.186961 0.130438 3.27356
1770 -0.180869 0.12093 3.24547
1771 -0.175209 0.110067 3.21692
1772 -0.170974 0.0979577 3.18849
1773 -0.167249 0.0849034 3.16001
1774 -0.163782 0.0708942 3.13138
1775 -0.160662 0.0567713 3.10333
1776 -0.158155 0.0416172 3.07593
1777 -0.156361 0.0257146 3.04886
1778 -0.155279 0.00916101 3.02244
1779 -0.154023 -0.00808559 2.99578
1780 -0.153415 -0.0261177 2.96961
1781 -0.15255 -0.0443235 2.94369
1782 -0.151745 -0.0627484 2.91798
1783 -0.151084 -0.0811035 2.89318
1784 -0.151198 -0.0991984 2.86988
1785 -0.152108 -0.117264 2.84735
1786 -0.153912 -0.135462 2.82614
1787 -0.156402 -0.154123 2.80575
1788 -0.159961 -0.172839 2.78589
1789 -0.164007 -0.191919 2.76685
1790 -0.169138 -0.210725 2.74862
1791 -0.174837 -0.229175 2.73145
1792 -0.181108 -0.247501 2.71482
1793 -0.188354 -0.265538 2.69955
1794 -0.196537 -0.283857 2.6852
1795 -0.205424 -0.301959 2.67164
1796 -0.215402 -0.320081 2.65923
1797 -0.226062 -0.338461 2.64795
1798 -0.237405 -0.35616 2.63806
1799 -0.249656 -0.373037 2.62959
1800 -0.262449 -0.389562 2.62242
1801 -0.276064 -0.40565 2.61664
1802 -0.290339 -0.421013 2.61246
1803 -0.305024 -0.436083 2.60932
1804 -0.320094 -0.450742 2.60748
1805 -0.335332 -0.464978 2.60661
1806 -0.350283 -0.478336 2.60685
1807 -0.36524 -0.490773 2.60809
1808 -0.379724 -0.502547 2.61048
1809 -0.394069 -0.513399 2.61402
1810 -0.408137 -0.523739 2.61767
1811 -0.42165 -0.533345 2.62211
1812 -0.434601 -0.542287 2.62663
1813 -0.447194 -0.550941 2.63163
1814 -0.459458 -0.558987 2.63647
1815 -0.471633 -0.567024 2.64177
1816 -0.483393 -0.574682 2.64717
1817 -0.494629 -0.581539 2.65258
1818 -0.505958 -0.588002 2.65783
1819 -0.516975 -0.593773 2.6635
1820 -0.527908 -0.598781 2.66913
1822 -0.5497 -0.607676 2.68135
1823 -0.561012 -0.612209 2.68764
1824 -0.572094 -0.61634 2.69397
1825 -0.583379 -0.620461 2.69971
1826 -0.59471 -0.624617 2.70524
1827 -0.606705 -0.629122 2.7104
1828 -0.619056 -0.63374 2.71556
1829 -0.632005 -0.638494 2.72047
1830 -0.645348 -0.64298 2.72501
1831 -0.659275 -0.647234 2.72967
1832 -0.673971 -0.650866 2.73506
1833 -0.689744 -0.654329 2.74127
1834 -0.705864 -0.656982 2.74816
1835 -0.72264 -0.659422 2.75498
1836 -0.739666 -0.661745 2.7622
1837 -0.75631 -0.664035 2.76807
1838 -0.773217 -0.666744 2.77354
1839 -0.789831 -0.669575 2.77767
1840 -0.805616 -0.671972 2.78048
1841 -0.821183 -0.674162 2.78184
1842 -0.836421 -0.676029 2.78174
1843 -0.850955 -0.67709 2.77988
1844 -0.865596 -0.678168 2.77691
1845 -0.879784 -0.678096 2.77286
1846 -0.894125 -0.677554 2.76802
1847 -0.908543 -0.676585 2.76258
1848 -0.92333 -0.675122 2.75632
1849 -0.938056 -0.673156 2.74914
1850 -0.953258 -0.670752 2.74147
1851 -0.96845 -0.667452 2.73373
1852 -0.98377 -0.664219 2.72592
1853 -0.999213 -0.660917 2.71836
1854 -1.01455 -0.65743 2.71041
1855 -1.03011 -0.653415 2.70186
1856 -1.0456 -0.648394 2.69374
1857 -1.06157 -0.642831 2.6859
1858 -1.07751 -0.637237 2.67875
1859 -1.09382 -0.631986 2.67161
1861 -1.12594 -0.624615 2.65682
1862 -1.14205 -0.622711 2.64917
1863 -1.15758 -0.622138 2.64075
1864 -1.17246 -0.623092 2.63192
1865 -1.18692 -0.624524 2.62283
1866 -1.20102 -0.626322 2.61372
1867 -1.21458 -0.628107 2.60457
1868 -1.22756 -0.629305 2.59613
1869 -1.23988 -0.629343 2.58772
1870 -1.25138 -0.628229 2.57886
1871 -1.26256 -0.625756 2.57104
1872 -1.27282 -0.622159 2.56319
1873 -1.28274 -0.61817 2.55548
1874 -1.29194 -0.613657 2.54802
1875 -1.30081 -0.609233 2.54085
1876 -1.30939 -0.604814 2.53415
1877 -1.31779 -0.600738 2.52798
1878 -1.32616 -0.596742 2.52238
1879 -1.3343 -0.592507 2.51661
1880 -1.34215 -0.589003 2.51095
1881 -1.34994 -0.585155 2.50525
1882 -1.35726 -0.581503 2.49957
1883 -1.36444 -0.578066 2.49389
1884 -1.3717 -0.574433 2.48858
1885 -1.37877 -0.57084 2.48353
1886 -1.38591 -0.567072 2.47862
1887 -1.39273 -0.56303 2.47441
1888 -1.39967 -0.559273 2.47105
1889 -1.40649 -0.555296 2.46854
1890 -1.41253 -0.55187 2.46641
1891 -1.41834 -0.549038 2.46457
1892 -1.4231 -0.546735 2.46305
1893 -1.42728 -0.54565 2.46146
1894 -1.43106 -0.544635 2.46034
1895 -1.43411 -0.544015 2.46
1896 -1.43662 -0.543473 2.46087
1897 -1.43862 -0.542425 2.46171
1898 -1.44011 -0.541249 2.46317
1899 -1.44101 -0.5398 2.4653
1900 -1.441 -0.537894 2.46767
1901 -1.44087 -0.535526 2.47056
1902 -1.43983 -0.532996 2.47388
1903 -1.43813 -0.529872 2.47714
1904 -1.4354 -0.526399 2.48052
1905 -1.43228 -0.522172 2.4842
1906 -1.42872 -0.517978 2.48853
1907 -1.42458 -0.513405 2.49329
1908 -1.42015 -0.509227 2.49878
1909 -1.41527 -0.505442 2.50466
1910 -1.40948 -0.501947 2.51087
1911 -1.40365 -0.49891 2.51741
1912 -1.39744 -0.496245 2.52432
1913 -1.39074 -0.493236 2.53152
1914 -1.38351 -0.490138 2.53912
1915 -1.37569 -0.486437 2.54701
1916 -1.36752 -0.482517 2.55587
1917 -1.35916 -0.478619 2.56549
1918 -1.35028 -0.474323 2.57533
1919 -1.34135 -0.470695 2.58597
1920 -1.33165 -0.467374 2.5965
1921 -1.32161 -0.464608 2.60692
1922 -1.31101 -0.462389 2.61778
1923 -1.29985 -0.461026 2.62913
1924 -1.28796 -0.460266 2.64038
1925 -1.27583 -0.460471 2.65184
1926 -1.26389 -0.461625 2.6638
1927 -1.2516 -0.463546 2.67571
1928 -1.2389 -0.465707 2.68726
1929 -1.22563 -0.467828 2.69865
1930 -1.21259 -0.469813 2.71051
1931 -1.19924 -0.472234 2.72287
1932 -1.18572 -0.475075 2.7358
1933 -1.17279 -0.477966 2.74862
1934 -1.1588 -0.481749 2.76191
1935 -1.14455 -0.485956 2.77456
1936 -1.13036 -0.491293 2.78766
1937 -1.11576 -0.497476 2.8005
1938 -1.10052 -0.503247 2.81234
1939 -1.08531 -0.509231 2.82375
1940 -1.06979 -0.514836 2.83513
1941 -1.05514 -0.520162 2.84642
1942 -1.03988 -0.525371 2.85866
1943 -1.02461 -0.529463 2.87043
1944 -1.00993 -0.532746 2.88247
1945 -0.995394 -0.53626 2.89476
1946 -0.981098 -0.539329 2.90682
1947 -0.966219 -0.541778 2.91815
1948 -0.951249 -0.543851 2.92885
1949 -0.936641 -0.547472 2.93946
1950 -0.922714 -0.55238 2.95009
1951 -0.908745 -0.55669 2.9606
1952 -0.893643 -0.558812 2.97018
1953 -0.878141 -0.560604 2.97968
1954 -0.863316 -0.562888 2.98994
1955 -0.849261 -0.56569 3.00089
1956 -0.835102 -0.567988 3.01213
1957 -0.820249 -0.569434 3.0224
1958 -0.805608 -0.571659 3.0325
1959 -0.792007 -0.575324 3.04287
1960 -0.778258 -0.578611 3.05339
1961 -0.763876 -0.580816 3.06327
1962 -0.749239 -0.582631 3.07252
1963 -0.735417 -0.585335 3.08205
1964 -0.722308 -0.588191 3.09219
1965 -0.709336 -0.590579 3.1028
1966 -0.695994 -0.59189 3.11257
1967 -0.682028 -0.592185 3.12236
1968 -0.668232 -0.592286 3.13258
1969 -0.654602 -0.592125 3.14302
1970 -0.640983 -0.591375 3.15373
1971 -0.626972 -0.590344 3.16409
1972 -0.613078 -0.589958 3.17429
1973 -0.600512 -0.590436 3.185
1974 -0.587691 -0.59039 3.19566
1975 -0.575188 -0.589855 3.20634
1976 -0.562813 -0.589391 3.2172
1977 -0.551302 -0.588976 3.22816
1978 -0.53989 -0.588223 3.24002
1979 -0.529229 -0.587535 3.25199
1980 -0.518459 -0.587241 3.26404
1981 -0.508377 -0.587683 3.27633
1982 -0.498602 -0.588032 3.28857
1983 -0.488261 -0.587758 3.30085
1984 -0.477628 -0.586957 3.31307
1985 -0.466899 -0.586163 3.32504
1986 -0.455892 -0.585546 3.33668
1987 -0.444752 -0.585494 3.34818
1988 -0.434166 -0.586065 3.35911
1989 -0.423174 -0.587357 3.36966
1990 -0.413229 -0.589724 3.37996
1991 -0.40363 -0.592652 3.38965
1992 -0.395021 -0.596394 3.39947
1993 -0.38672 -0.600301 3.40912
1994 -0.378843 -0.604358 3.41874
1995 -0.371486 -0.607856 3.42781
1996 -0.365212 -0.611772 3.4368
1997 -0.360159 -0.616231 3.4457
1998 -0.355667 -0.620613 3.45391
1999 -0.351705 -0.625321 3.46119
2000 -0.348439 -0.630338 3.46804
2001 -0.345714 -0.63536 3.47437
2002 -0.34295 -0.64035 3.48037
2003 -0.339857 -0.645343 3.48599
2004 -0.335527 -0.650337 3.49064
2005 -0.330329 -0.655605 3.49428
2006 -0.324205 -0.661159 3.49694
2007 -0.316768 -0.667227 3.49909
2008 -0.308483 -0.673289 3.50071
2009 -0.298594 -0.679069 3.50122
2010 -0.288086 -0.685039 3.50179
2011 -0.277069 -0.690555 3.50223
2012 -0.266398 -0.696023 3.50289
2013 -0.255256 -0.701253 3.50347
2014 -0.243958 -0.705978 3.50389
2015 -0.231754 -0.710161 3.50498
2016 -0.218576 -0.713429 3.50593
2017 -0.205069 -0.716684 3.50743
2018 -0.190757 -0.71983 3.50928
2019 -0.175718 -0.722641 3.51064
2020 -0.161465 -0.726973 3.51174
2021 -0.148051 -0.731885 3.51269
2022 -0.135219 -0.737354 3.51311
2023 -0.122815 -0.743282 3.51311
2024 -0.11028 -0.749821 3.51311
2025 -0.0974809 -0.756832 3.51275
2026 -0.0848163 -0.763884 3.51243
2027 -0.0727575 -0.771452 3.51233
2028 -0.0605556 -0.779452 3.51185
2029 -0.0491406 -0.78798 3.51078
2030 -0.0378562 -0.796771 3.50977
2031 -0.027119 -0.805788 3.50859
2032 -0.0165351 -0.815368 3.50733
2033 -0.00596705 -0.825219 3.5054
2034 0.00447065 -0.835123 3.50332
2035 0.0151685 -0.845706 3.50108
2036 0.0259933 -0.857125 3.49868
2037 0.0374256 -0.868672 3.496
2038 0.0486685 -0.881126 3.49306
2039 0.0602805 -0.893353 3.49027
2040 0.0720718 -0.90609 3.48784
2041 0.0833706 -0.918065 3.48543
2042 0.0935747 -0.930119 3.48308
2043 0.103215 -0.941816 3.48095
2044 0.11261 -0.953147 3.47918
2045 0.122036 -0.964109 3.47736
2046 0.130788 -0.974559 3.47544
2047 0.139047 -0.984423 3.4737
2048 0.146683 -0.994059 3.47163
2049 0.153852 -1.00352 3.46978
2050 0.160925 -1.01252 3.46785
2051 0.167608 -1.02145 3.46559
2052 0.173459 -1.03021 3.46294
2053 0.178079 -1.03894 3.46
2054 0.18157 -1.04753 3.45637
2055 0.184684 -1.05543 3.45256
2056 0.186791 -1.06322 3.44834
2057 0.187663 -1.07118 3.44259
2058 0.187156 -1.07924 3.4357
2059 0.185132 -1.08701 3.4281
2060 0.1809 -1.09391 3.41976
2061 0.17604 -1.0998 3.4107
2062 0.169717 -1.10538 3.40115
2063 0.162866 -1.1108 3.39124
2064 0.155241 -1.1159 3.38079
2065 0.146038 -1.12067 3.36926
2066 0.13611 -1.12547 3.357
2067 0.124959 -1.13022 3.34435
2068 0.113066 -1.13524 3.33097
2069 0.100982 -1.13968 3.31726
2070 0.0892563 -1.14372 3.30333
2071 0.0778274 -1.14775 3.29018
2072 0.0668198 -1.15165 3.27717
2073 0.0562794 -1.15533 3.26425
2074 0.0449614 -1.15902 3.25085
2075 0.0326528 -1.16244 3.2373
2076 0.0206506 -1.16549 3.22346
2077 0.00878586 -1.16845 3.20996
2078 -0.00350056 -1.17176 3.19632
2079 -0.0166104 -1.17592 3.18226
2080 -0.0302173 -1.18101 3.16734
2081 -0.0445674 -1.18732 3.15185
2082 -0.0580666 -1.19357 3.1363
2083 -0.0722807 -1.20009 3.12131
2084 -0.08632 -1.206 3.10591
2085 -0.101824 -1.21292 3.09031
2086 -0.117959 -1.21951 3.07432
2087 -0.134654 -1.22577 3.05805
2088 -0.152254 -1.23176 3.04124
2089 -0.170883 -1.23711 3.02506
2090 -0.189666 -1.24193 3.00871
2091 -0.207752 -1.24515 2.99257
2092 -0.225528 -1.24734 2.9767
2093 -0.242787 -1.24827 2.96113
2094 -0.259575 -1.2484 2.94549
2095 -0.275935 -1.24763 2.93031
2096 -0.292581 -1.24621 2.91515
2097 -0.309466 -1.24455 2.90026
2098 -0.325661 -1.24207 2.88539
2099 -0.341721 -1.23936 2.87108
2100 -0.357429 -1.23638 2.85719
2101 -0.373448 -1.23194 2.84324
2102 -0.389654 -1.22702 2.82961
2103 -0.406724 -1.22136 2.81558
2104 -0.424466 -1.21587 2.8022
2105 -0.442434 -1.20926 2.78867
2106 -0.460753 -1.20231 2.77543
2107 -0.480582 -1.19562 2.76265
2108 -0.501091 -1.18839 2.75051
2109 -0.521974 -1.18141 2.73925
2110 -0.542994 -1.17461 2.72822
2111 -0.563542 -1.16793 2.7176
2112 -0.584453 -1.16168 2.70767
2113 -0.604884 -1.15465 2.69806
2114 -0.625587 -1.14735 2.68867
2115 -0.646859 -1.14062 2.68077
2116 -0.668345 -1.13346 2.67276
2117 -0.69044 -1.12623 2.66589
2118 -0.71231 -1.11784 2.65968
2119 -0.734003 -1.10926 2.65493
2120 -0.754585 -1.09966 2.65048
2121 -0.775202 -1.08916 2.64747
2122 -0.795135 -1.07767 2.64491
2123 -0.814397 -1.06527 2.64361
2124 -0.83338 -1.05197 2.64332
2125 -0.850593 -1.03737 2.64342
2126 -0.867154 -1.02152 2.64469
2127 -0.882594 -1.00525 2.64633
2128 -0.897883 -0.989285 2.64875
2129 -0.912219 -0.972838 2.65169
2130 -0.925915 -0.955961 2.65565
2131 -0.939034 -0.938354 2.66031
2132 -0.950794 -0.91999 2.66535
2133 -0.962272 -0.90135 2.67146
2134 -0.972876 -0.882574 2.67809
2135 -0.982725 -0.863141 2.68522
2136 -0.992051 -0.843875 2.69317
2137 -1.00063 -0.825125 2.70139
2138 -1.00834 -0.806342 2.70967
2139 -1.01622 -0.788601 2.71884
2140 -1.02344 -0.771529 2.72814
2141 -1.02941 -0.754982 2.73728
2142 -1.0343 -0.73902 2.74622
2143 -1.03837 -0.724336 2.75524
2144 -1.04155 -0.710099 2.7639
2145 -1.04359 -0.696571 2.77269
2146 -1.04435 -0.683488 2.78114
2147 -1.04435 -0.67091 2.78957
2148 -1.04355 -0.658622 2.79846
2149 -1.04191 -0.64642 2.80725
2150 -1.03957 -0.634228 2.81643
2151 -1.03684 -0.621765 2.8265
2152 -1.03303 -0.608714 2.83704
2153 -1.02867 -0.59537 2.84823
2154 -1.02411 -0.581446 2.86067
2155 -1.01915 -0.56703 2.87428
2156 -1.0132 -0.551569 2.8884
2157 -1.00701 -0.535958 2.90396
2158 -1.00026 -0.519856 2.92005
2159 -0.992143 -0.503415 2.9368
2160 -0.983592 -0.486543 2.95388
2161 -0.97458 -0.469797 2.97145
2162 -0.965304 -0.45314 2.99035
2163 -0.95535 -0.435588 3.01002
2164 -0.944739 -0.417244 3.03041
2165 -0.933336 -0.397809 3.05182
2166 -0.922136 -0.378959 3.07431
2167 -0.910321 -0.359712 3.0976
2168 -0.898171 -0.340988 3.12097
2169 -0.885507 -0.322856 3.14467
2170 -0.872767 -0.305637 3.16838
2171 -0.859484 -0.289172 3.1923
2172 -0.846419 -0.274555 3.21595
2173 -0.833311 -0.261116 3.23947
2174 -0.820785 -0.249865 3.26265
2175 -0.808931 -0.240589 3.28555
2176 -0.798065 -0.233462 3.30796
2177 -0.787579 -0.22812 3.32994
2178 -0.777292 -0.223828 3.35194
2179 -0.766713 -0.220772 3.37334
2180 -0.755664 -0.218736 3.39445
2181 -0.744581 -0.217718 3.41514
2182 -0.732405 -0.217589 3.43539
2183 -0.719646 -0.218679 3.45496
2184 -0.705972 -0.220493 3.47351
2185 -0.69172 -0.223463 3.49127
2186 -0.677156 -0.227986 3.50779
2187 -0.662163 -0.233458 3.5233
2188 -0.646866 -0.240207 3.53692
2189 -0.631346 -0.248475 3.54959
2190 -0.615859 -0.257776 3.56149
2191 -0.601295 -0.268231 3.57302
2192 -0.587485 -0.28008 3.58481
2193 -0.574032 -0.292784 3.5966
2194 -0.561195 -0.305975 3.60857
2195 -0.548522 -0.31969 3.62035
2196 -0.536579 -0.334281 3.63203
2197 -0.525305 -0.349468 3.64312
2198 -0.515045 -0.365662 3.65395
2199 -0.505304 -0.382776 3.66418
2200 -0.496558 -0.400304 3.67427
2201 -0.489025 -0.418047 3.68457
2202 -0.482722 -0.436116 3.69563
2203 -0.47725 -0.453173 3.70686
2204 -0.472884 -0.470171 3.71869
2205 -0.469224 -0.486598 3.73087
2206 -0.466341 -0.503098 3.74332
2207 -0.464297 -0.518884 3.75586
2208 -0.46324 -0.534278 3.76883
2209 -0.462662 -0.548385 3.78196
2210 -0.463307 -0.561675 3.79595
2211 -0.464593 -0.573846 3.80979
2212 -0.467585 -0.585176 3.82373
2213 -0.471637 -0.59609 3.83735
2214 -0.48142 -0.610286 3.84808
2215 -0.49628 -0.628462 3.85646
2216 -0.512593 -0.648732 3.86242
2217 -0.528365 -0.669776 3.86654
2218 -0.542509 -0.690593 3.86887
2219 -0.555156 -0.710818 3.86987
2220 -0.56624 -0.729986 3.86975
2221 -0.576259 -0.748923 3.86888
2222 -0.586459 -0.767715 3.86873
2223 -0.598106 -0.786769 3.86997
2224 -0.610874 -0.806434 3.87314
2225 -0.624325 -0.825927 3.87683
2226 -0.63771 -0.846001 3.88214
2227 -0.651033 -0.865132 3.88769
2228 -0.665206 -0.884216 3.89414
2229 -0.679999 -0.903079 3.9006
2230 -0.696172 -0.92339 3.90571
2231 -0.713782 -0.944273 3.90982
2232 -0.732868 -0.966236 3.91344
2233 -0.75255 -0.988036 3.9166
2234 -0.772866 -1.00979 3.91993
2235 -0.793085 -1.03102 3.92307
2236 -0.812792 -1.05233 3.92605
2237 -0.83168 -1.0742 3.92875
2238 -0.850167 -1.09601 3.93115
2239 -0.868472 -1.11754 3.93355
2240 -0.886815 -1.1385 3.93671
2241 -0.90517 -1.15886 3.94066
2242 -0.923909 -1.17847 3.94462
2243 -0.943478 -1.1984 3.94816
2244 -0.962903 -1.2183 3.95073
2245 -0.982357 -1.23869 3.95221
2246 -1.00016 -1.25748 3.95187
2247 -1.01663 -1.27505 3.95078
2248 -1.03236 -1.29044 3.94954
2249 -1.04775 -1.3029 3.94794
2250 -1.06389 -1.31272 3.9463
2251 -1.08015 -1.31997 3.94463
2252 -1.09695 -1.32427 3.94214
2253 -1.11465 -1.32616 3.93974
2254 -1.13284 -1.32564 3.93739
2255 -1.15148 -1.32258 3.93511
2256 -1.1695 -1.31738 3.93279
2257 -1.18789 -1.31194 3.93122
2258 -1.20571 -1.30441 3.92951
2259 -1.22356 -1.29627 3.92801
2260 -1.24093 -1.28711 3.92664
2261 -1.25783 -1.27723 3.92563
2262 -1.27393 -1.26671 3.92483
2263 -1.28924 -1.25664 3.92482
2264 -1.30385 -1.24665 3.92544
2265 -1.31757 -1.2362 3.92647
2266 -1.33055 -1.22545 3.92747
2267 -1.34266 -1.21479 3.9287
2268 -1.35361 -1.20401 3.93063
2269 -1.36368 -1.19274 3.93333
2270 -1.37203 -1.18261 3.93757
2271 -1.37919 -1.1724 3.94372
2272 -1.38483 -1.16197 3.95118
2273 -1.38902 -1.15178 3.95908
2274 -1.39206 -1.14192 3.96671
2275 -1.39373 -1.13294 3.97393
2276 -1.39382 -1.12525 3.98104
2277 -1.39314 -1.1191 3.98826
2278 -1.3915 -1.11461 3.99546
2279 -1.38953 -1.11116 4.0025
2280 -1.38714 -1.10851 4.00799
2281 -1.3847 -1.10549 4.0126
2282 -1.38256 -1.10279 4.0166
2283 -1.38085 -1.10006 4.02043
2284 -1.38057 -1.09765 4.02389
0 0.999732 0.0231123 0.00121602 0.0488152 -0.0230957 0.999658 -0.012238 -0.0465462 -0.00149845 0.0122067 0.999924 -0.0956004
1 -0.995553 0.0440981 -0.0832474 -0.566372 -0.0582968 0.405767 0.912116 -3.26401 0.0740016 0.912912 -0.401392 5.0563
2 -0.300309 0.545879 -0.782196 3.10679 -0.490594 0.614869 0.617459 -2.31567 0.818004 0.569169 0.0831542 3.5974
3 0.272792 -0.528576 0.803861 -2.2175 0.558197 0.767491 0.315235 -0.890607 -0.783582 0.362719 0.504415 1.18162
